0.8475894024740085
0.9887994704667543
96.8753464124593
0

0.9959272210744705
0.9391241988936108
-10.682540804836561
1

1.0769243996711997
1.04744376090503
2.3615415996436484
2

1.5878244302388984
1.1122377981367968
0.11910952679610028
3

1.0635274778480142
1.042559662404885
0.9978793437951616
4

0.8659922890647876
0.980372308242053
0.17736615740063727
5

0.8459516022314622
0.9841779305988105
3.2731245487159244
5

0.9958983627035426
0.9390428575662902
-6.935073459669312
6

1.0799738001069832
1.0535491173030678
-5.043523609897972
7

0.8446148605070123
0.9817945606219385
1.0492730369522052
7

0.994280984018633
0.9354189455624429
-0.8475394009933169
8

1.0802439709279743
1.053633515619096
-5.068997409175233
9

