1.1049480413911286
1.006296377168212
1.4539406080649868
5

1.1336776335132919
1.0319986639856582
1.7639712370257787
5

0.9579256595947006
0.9538012836513786
0.46598887744958983
5

1.0861860173906606
0.9687637115888917
0.05024903028478158
10

1.1567073827512204
0.9613529657132165
0.9118896947062035
10

1.1243585017518118
1.0253336932657364
0.3849910546100112
15

1.0916055635386808
1.0016463789280594
-2.7236611464837557
15

1.4772741834666079
1.1324648503040982
1.3330467868813338
20

0.9310845780987846
0.9889640010790125
0.06480802606896383
25

1.144389360904205
1.033059796157212
5.094828981150842
30

0.8549888330374489
0.9606940886879447
0.9971526436116473
35

1.063447692965162
1.00038369668511
0.21947880403288197
40

0.7990066963144277
0.8834789642268355
-0.016162854265202205
45

0.8715239471551375
0.9791129182436512
0.4532194652953778
50

0.803029003474362
0.9176447084028284
0.9402077619065338
55

1.2364943569767533
1.1072424337597027
0.4207990732562509
60

1.0341311070198524
0.9846330482783584
0.1742722471340419
65

0.7978834095786361
0.8889964036867684
0.21591116175298866
45 500

0.8636850080104969
0.9402591795162388
1.965794438137817
45 35

0.8223774297638099
0.9144196182007953
1.518802823006962
45 40

0.851263409942543
0.9390698399010452
2.4020732253783716
45 30

0.818768326744564
0.8952002421109421
1.2706775997398052
45 45

0.8200609809026165
0.8963629462720248
1.3023195663468246
45 45

0.9883265143367499
0.9526638406172332
0.15522696113685822
40

1.0875233518769092
1.0087182145034685
1.419233703091713
40

1.0745270767237032
1.0030135992635725
0.21678261932335874
40

0.7962968055564109
0.883583906904551
-0.015067136756080218
45

