

0.014826190657913685
0.017758207395672798
0.8348923023348873
0.08751839399337769
0.09594660252332687
0.9121573009539333
-0.061225363789572995
-0.020101842094409683
3.0457588663777115
45
500

0.015089228749275208
0.017782533541321754
0.8485421222016514
0.08902870118618011
0.09619063884019852
0.9255443384057722
-0.08005302081658283
-0.021499270083216837
3.723522729223971
45
500

0.01470508798956871
0.017828648909926414
0.8248010302890306
0.08675581216812134
0.09633392095565796
0.9005738716693015
-0.052557079078980884
-0.024148338986318407
2.176426258914034
45
500

0.014678767882287502
0.017757419496774673
0.8266273083740374
0.08657123148441315
0.09597381204366684
0.902029727078303
-0.05067309426755906
-0.020056606477481864
2.5265038891026363
45
500

0.014909762889146805
0.017695916816592216
0.842553852602142
0.08785820007324219
0.09550191462039948
0.9199627088363674
-0.06720728805461085
-0.01652368747088384
4.0673298967337566
45
500

0.014572442509233952
0.01752597652375698
0.8314767790245853
0.0859479233622551
0.09448658674955368
0.9096309467720409
-0.043062558242470184
-0.006761631510723509
6.3686638608116635
45
500

0.015018661599606275
0.017837889213114976
0.8419528465601235
0.08828740939497948
0.0967894934117794
0.9121590193614423
-0.08755766756730801
-0.06502638438129851
1.346494479131604
45
45

0.015016836673021316
0.01765491170808673
0.8505755747361196
0.08828083351254463
0.0958117350935936
0.9213989646081202
-0.08742749543398254
-0.050818719639859
1.7203797351362218
45
45

0.01510333912447095
0.0177999802865088
0.8485031377207916
0.08873566314578056
0.09673640057444573
0.9172934140493679
-0.09392940653186113
-0.06264613623428746
1.4993647202850433
45
45

0.014747680723667144
0.01771162198856473
0.8326555711943708
0.08681542351841927
0.09611108228564262
0.90328213410815
-0.06699062246785797
-0.055637642051848055
1.2040521488209406
45
45

0.015155381057411432
0.01784797813743353
0.8491371370309577
0.08913448303937913
0.09706065505743026
0.9183379504974362
-0.09823604384030808
-0.0656238453517973
1.4969565302624803
45
45

0.01465341029688716
0.01757449135184288
0.8337885861687023
0.08628400266170502
0.09504574313759803
0.9078155403213733
-0.06042341254656358
-0.04524796736949023
1.335384019643407
45
45

0.014695624471642077
0.017607781221158803
0.8346096698420319
0.08663173113018274
0.09501456283032894
0.9117731908621657
-0.0740835563586352
-0.03138365958989754
2.3605773618091
45
55

0.014888208883348852
0.017698264913633466
0.841224207909785
0.0877767140045762
0.09593429695814848
0.9149669803998143
-0.09113588871585437
-0.03705228873732676
2.459656119003612
45
55

0.015222650486975908
0.017817318090237677
0.8543738406576791
0.08960434421896935
0.09670289419591427
0.9265942344748888
-0.11972743535080216
-0.04546886133389297
2.63317426120711
45
55

0.015073372516781092
0.017580984393134713
0.8573679482172323
0.08873829804360867
0.09479392785578966
0.9361179566122269
-0.10599905706564688
-0.02944966410953287
3.5993299166809494
45
55

0.015076169220265001
0.017804156872443855
0.8467780489846695
0.08873028587549925
0.09672879055142403
0.9173099898145369
-0.10606282864751856
-0.04512670914397268
2.350333774819137
45
55

0.014917483902536333
0.017640663776546717
0.8456305324728849
0.08789010811597109
0.09551903326064348
0.9201318848793696
-0.09268659079374314
-0.03404369795227624
2.7225770515199246
45
55

0.014046672731637955
0.01770944520831108
0.7931740699051273
0.0815528929233551
0.0925208330154419
0.8814543737381155
-0.005429170710271158
-0.01730083559348028
0.31380973947391944
45
500

0.03952657151967287
0.05132128236194452
0.7701789530688423
0.14819000909725824
0.16524186978737512
0.8968066585541645
-0.03569432758500927
-0.012548185283650723
2.8445808519831237
55
55

0.03949966374784708
0.051559220999479294
0.766102803381106
0.14785779267549515
0.16576654960711798
0.8919639880659382
-0.03404018516607169
-0.015368500908975735
2.2149320462473376
55
55

0.03949351484576861
0.05136101692914963
0.7689395032860867
0.14774108305573463
0.1652550920844078
0.8940183397209479
-0.03957867209202006
-0.012919439717187897
3.063497563239138
55
55

0.0395389540741841
0.05152917529145876
0.767311990742027
0.14802826568484306
0.16567849119504294
0.8934670071963574
-0.03506936029524451
-0.014904478618415836
2.3529410986515913
55
55

0.03951816447079182
0.051470800613363586
0.767778313138023
0.14839812368154526
0.16556297739346823
0.8963243233351024
-0.03745478302524711
-0.014169426025688011
2.643352169477059
55
55

0.03952101214478413
0.0515955767283837
0.7659767493798142
0.14820689459641775
0.16578782349824905
0.893955246345236
-0.036287441731389015
-0.01568777593160107
2.313103010242037
55
55

0.039542139818271003
0.05137635519107183
0.76965638514471
0.14808562025427818
0.16530809054772058
0.8958159262720982
-0.035399986940829985
-0.013035309920226612
2.7156996770671773
55
55

0.03957371568928162
0.051481214662392936
0.7687020585819675
0.1484100197752317
0.16557087252537409
0.896353431685199
-0.03791165863855613
-0.014286982258605974
2.6535805779222192
55
55

0.03643919279177984
0.042674501736958824
0.8538867780199807
0.1378210261464119
0.1454483357568582
0.9475600076772507
-0.03056685094040475
-0.01022406806474041
2.9896955641189624
65
55

0.03630683974673351
0.04270165103177229
0.8502444020190061
0.13737399131059647
0.14553836733102798
0.943902242617154
-0.026391900006905684
-0.010434367467316075
2.5293243782695916
65
55

0.03630002805342277
0.042730324591199555
0.849514446723835
0.13747360308965048
0.14549875011046728
0.9448438765644114
-0.02647510507681868
-0.011400496122953982
2.32227657386885
65
55

0.036373854614794254
0.042688614378372826
0.8520739111462518
0.13767355183760324
0.14547236636281013
0.9463897184035864
-0.028653065085604095
-0.010366219509303517
2.7640804885415
65
55

0.03630483833452066
0.04272533394396305
0.8497262626931537
0.1374021420876185
0.14550129945079485
0.9443361853554079
-0.02634520530686546
-0.011241278031708454
2.343612997788429
65
55

0.03626650354514519
0.04279464948922396
0.8474541555545956
0.1375113179286321
0.1455874964594841
0.9445269770601521
-0.026122317800221045
-0.01276789531142449
2.0459376555858233
65
55

0.036299933989842735
0.04268120229244232
0.8504899590485637
0.13741031537453333
0.14543849478165308
0.9448001753650404
-0.026125800933661125
-0.010458266890465306
2.4981004221148484
65
55

0.026781307999044657
0.0241103447707636
1.1107807977727422
0.11557721027306148
0.10963416418858937
1.0542079754833453
-0.06203609951619168
-0.03465449418971097
1.790131437976965
35
55

0.02692725881934166
0.024076154322496483
1.118420261751734
0.1160765215754509
0.10942955953734261
1.0607419244508611
-0.07148812766865333
-0.022026275435567615
3.2455840243065173
35
55

0.02672109579933541
0.024051705907498087
1.1109854703073325
0.11553344183734485
0.10936847861324038
1.056368738984709
-0.03626682370494573
-0.02572344904006179
1.4098740665944
35
55

0.026720394180821522
0.024051985437316552
1.1109433876242476
0.11586327637944903
0.10947279099907194
1.0583751023615655
-0.057616770303705316
-0.025784847321891586
2.234520514487907
35
55

0.026760131120681763
0.02410177028338824
1.110297326961321
0.11609709795032229
0.10979194832699639
1.0574281604380231
-0.05663821251722096
-0.02860735276036121
1.9798480828222507
35
55

0.026790671250117675
0.02412510064563581
1.110489512298224
0.11576435235994202
0.10943496759448733
1.0578369501502327
-0.03746987935886078
-0.036555712938357875
1.0250074843853934
35
55

0.02662583759852818
0.02404770255088806
1.1072092039638486
0.11547300432409559
0.10940917687756675
1.0554233896971412
-0.06153834241288109
-0.02663211564573079
2.31068170593296
35
55

0.026916649724755968
0.02388126030564308
1.127103401590394
0.11613749925579343
0.11158744671515056
1.0407756667491264
-0.060435895666986816
-0.025264727365976607
2.3921055941563165
35
55

0.02517948712089232
0.026101828552782536
0.9646637234619376
0.11363657457487923
0.11608139957700457
0.9789387015401764
-0.031543332299769654
-0.030133076504547503
1.046800923065699
35
55

0.02513008870716606
0.026016442903450558
0.9659309998844253
0.11367518774100713
0.11602958398205894
0.9797086556699551
-0.032614159751504536
-0.026716120081095727
1.2207670744294286
35
55

0.026596420710640296
0.0241640977827566
1.1006585451586524
0.11508026825530189
0.10975174499409539
1.0485506928522474
-0.07124896987581737
-0.049390383624669486
1.442567654814286
35
55

0.026844820140727928
0.02418030279555491
1.1101937129448536
0.11615876640592303
0.11027006166321891
1.0534025705063002
-0.0565553156144935
-0.01616445173951648
3.4987462937722387
35
55

0.025254613320742334
0.026062211287873133
0.9690126843723894
0.11384955261434827
0.11614140761750084
0.9802666848097747
-0.033866495948992346
-0.029085704853140708
1.1643690988405049
35
55

0.02510039960699422
0.026007604519171373
0.9651177058037618
0.11339829117059708
0.11584596442324775
0.9788713118766226
-0.029947214086656952
-0.024635595810059856
1.2156074615588601
35
55

